start=1494.440000
volume=75.000000
